f0 7e 00 06 01 f7 f0 47 00 73 60 00 04 41 01 01 01 f7 
90 35 03 
90 36 00 
90 37 02 
90 38 02 
90 39 00 

91 35 03 
91 36 02 
91 37 00 
91 38 00 
91 39 02 

92 35 03 
92 36 02 
92 37 00 
92 38 00 
92 39 02 

93 35 03 
93 36 00 
93 37 02 
93 38 02 
93 39 00 

94 35 03 
94 36 00 
94 37 00 
94 38 00 
94 39 00 

95 35 03 
95 36 02 
95 37 02 
95 38 02 
95 39 02 

96 35 03 
96 36 00 
96 37 02 
96 38 02 
96 39 00 

97 35 03 
97 36 02 
97 37 00 
97 38 00 
97 39 02 