f0 7e 00 06 01 f7 f0 47 00 73 60 00 04 41 01 01 01 f7 
90 35 00 
90 36 00 
90 37 00 
90 38 00 
90 39 00 

91 35 00 
91 36 00 
91 37 00 
91 38 00 
91 39 00 

92 35 00 
92 36 00 
92 37 02 
92 38 02 
92 39 00 

93 35 00 
93 36 00 
93 37 02 
93 38 02 
93 39 02 

94 35 00 
94 36 00 
94 37 00 
94 38 02 
94 39 02 

95 35 00 
95 36 00 
95 37 02 
95 38 02 
95 39 02 

96 35 00 
96 36 02 
96 37 02 
96 38 02 
96 39 00 

97 35 02 
97 36 02 
97 37 02 
97 38 00 
97 39 00 